arial.png
95
32 0 0 0 0 0 71 27
64 0 0 78 80 1 11 84
124 78 0 14 80 4 12 26
125 92 0 31 80 -2 11 32
123 123 0 31 80 -1 11 32
106 154 0 27 79 -7 12 23
93 181 0 23 78 -2 12 27
91 204 0 23 78 2 12 27
41 227 0 27 78 -1 12 32
40 254 0 26 78 2 12 32
36 280 0 44 74 0 9 49
81 324 0 59 69 1 11 66
38 383 0 53 65 0 11 57
37 436 0 67 65 1 11 74
103 0 80 43 65 0 26 49
83 43 80 51 65 1 11 57
79 94 80 60 65 1 11 66
71 154 80 59 65 1 11 66
67 213 80 55 65 1 11 62
63 268 80 45 64 0 11 49
48 313 80 43 64 1 12 49
57 356 80 43 64 1 12 49
56 399 80 43 64 1 12 49
54 442 80 45 64 -1 12 49
51 0 145 43 64 1 12 49
121 43 145 43 64 -2 27 43
113 86 145 43 64 0 26 49
112 129 145 43 64 2 26 49
102 172 145 33 64 -2 11 28
100 205 145 43 64 0 12 49
98 248 145 43 64 2 12 49
85 291 145 52 64 3 12 62
74 343 145 39 64 -1 12 45
35 382 145 50 63 -3 12 49
92 432 145 30 63 -3 12 27
47 462 145 30 63 -3 12 27
33 492 145 15 63 6 12 31
53 0 209 43 63 1 13 49
50 43 209 45 63 -1 12 49
49 88 209 28 63 5 12 49
108 116 209 15 63 2 12 23
107 131 209 40 63 2 12 45
105 171 209 15 63 2 12 23
104 186 209 41 63 2 12 49
90 227 209 52 63 -2 12 53
89 279 209 57 63 -3 12 55
88 336 209 58 63 -3 12 58
87 394 209 82 63 -2 12 83
86 0 272 60 63 -4 12 57
84 60 272 51 63 -1 12 53
82 111 272 55 63 3 12 62
80 166 272 49 63 3 12 57
78 215 272 52 63 3 12 62
77 267 272 59 63 3 12 69
76 326 272 43 63 3 12 49
75 369 272 53 63 3 12 57
73 422 272 15 63 4 12 27
72 437 272 52 63 3 12 62
70 0 335 45 63 3 12 53
69 45 335 49 63 3 12 57
68 94 335 54 63 3 12 62
66 148 335 49 63 3 12 57
65 197 335 60 63 -4 12 57
55 257 335 44 62 0 13 49
52 301 335 46 62 -2 13 49
116 347 335 27 62 -2 14 27
59 374 335 15 59 4 27 27
127 389 335 46 57 7 18 64
115 435 335 41 50 0 26 45
111 0 398 45 50 0 26 49
101 45 398 45 50 0 26 49
99 90 398 43 50 0 26 45
97 133 398 44 50 0 26 49
117 177 398 41 49 2 27 49
114 218 398 29 49 2 26 32
110 247 398 41 49 2 26 49
109 288 398 63 49 2 26 71
58 351 398 15 48 4 27 27
122 366 398 43 48 -2 27 44
120 409 398 45 48 -3 27 43
119 0 448 64 48 -4 27 61
118 64 448 44 48 -2 27 45
43 108 448 45 45 1 22 51
62 153 448 44 44 1 22 51
60 197 448 44 44 1 22 51
94 241 448 39 38 -1 11 42
42 280 448 33 31 -1 12 36
61 313 448 44 31 1 28 51
39 357 448 15 28 0 12 21
34 372 448 29 28 0 12 33
44 401 448 15 26 4 60 27
126 416 448 47 22 0 34 51
96 463 448 21 19 0 12 32
95 0 496 54 15 -4 75 49
45 54 496 29 15 -1 43 32
46 83 496 15 15 4 60 27