segoe
97
59
0       271  328  47   60   -4   13   56    
10      0    0    0    0    -9   0    18    
32      0    0    0    0    -9   0    34    
33      231  206  25   61   -4   13   35    
34      307  439  32   32   -4   13   41    
35      381  328  51   56   -8   13   53    
36      62   0    42   71   -4   8    50    
37      398  144  63   62   -7   12   66    
38      0    206  62   62   -6   12   65    
39      339  439  23   32   -4   13   32    
40      104  0    31   69   -5   13   36    
41      135  0    32   69   -8   13   36    
42      223  439  38   40   -7   13   43    
43      44   439  46   47   -3   23   58    
44      485  388  26   33   -8   47   31    
45      462  439  35   23   -5   36   42    
46      437  439  25   25   -6   49   31    
47      354  0    42   67   -10  13   41    
48      313  144  47   62   -7   12   50    
49      111  206  34   61   -3   12   50    
50      145  206  44   61   -6   12   50    
51      133  144  43   62   -5   12   50    
52      223  328  48   60   -9   13   50    
53      189  206  42   61   -4   13   50    
54      176  144  46   62   -6   12   50    
55      466  268  45   60   -6   13   50    
56      222  144  46   62   -6   12   50    
57      268  144  45   62   -6   12   50    
58      132  388  25   51   -6   23   31    
59      354  328  27   57   -8   23   31    
60      90   439  44   46   -1   23   58    
61      261  439  46   35   -2   29   58    
62      134  439  44   46   -1   23   58    
63      360  144  38   62   -5   12   44    
64      438  0    66   66   -4   12   74    
65      256  206  54   60   -8   13   56    
66      310  206  45   60   -4   13   52    
67      417  79   50   62   -6   12   55    
68      355  206  52   60   -4   13   59    
69      407  206  41   60   -4   13   48    
70      448  206  41   60   -4   13   47    
71      0    144  51   62   -6   12   58    
72      0    268  50   60   -4   13   60    
73      50   268  23   60   -4   13   34    
74      461  144  34   61   -9   13   39    
75      73   268  47   60   -4   13   52    
76      120  268  41   60   -4   13   46    
77      161  268  61   60   -4   13   71    
78      222  268  52   60   -4   13   62    
79      51   144  57   62   -6   12   62    
80      274  268  44   60   -4   13   51    
81      292  0    62   67   -6   12   62    
82      318  268  48   60   -4   13   53    
83      467  79   44   62   -6   12   49    
84      366  268  47   60   -8   13   49    
85      62   206  49   61   -4   13   59    
86      413  268  53   60   -8   13   55    
87      0    328  71   60   -8   13   73    
88      71   328  51   60   -8   13   53    
89      122  328  50   60   -8   13   51    
90      172  328  51   60   -8   13   52    
91      167  0    30   69   -3   13   36    
92      396  0    42   67   -10  13   40    
93      197  0    29   69   -7   13   36    
94      178  439  45   43   -2   12   58    
95      0    488  43   22   -9   60   42    
96      362  439  29   28   -7   10   34    
97      432  328  41   51   -6   23   48    
98      45   79   45   64   -4   10   53    
99      0    388  41   51   -6   23   45    
100     90   79   45   64   -6   10   53    
101     41   388  44   51   -6   23   49    
102     135  79   38   64   -8   9    36    
103     0    79   45   65   -6   23   53    
104     310  79   42   63   -4   10   51    
105     108  144  25   62   -5   11   32    
106     23   0    39   77   -14  11   32    
107     352  79   42   63   -4   10   47    
108     394  79   23   63   -4   10   32    
109     157  388  59   50   -4   23   69    
110     216  388  42   50   -4   23   51    
111     85   388  47   51   -6   23   53    
112     173  79   45   64   -4   23   53    
113     218  79   45   64   -6   23   53    
114     258  388  35   50   -4   23   39    
115     473  328  38   51   -6   23   43    
116     318  328  36   58   -8   16   38    
117     293  388  43   50   -5   24   51    
118     336  388  46   49   -9   24   46    
119     382  388  59   49   -8   24   61    
120     441  388  44   49   -8   24   45    
121     263  79   47   64   -9   24   47    
122     0    439  44   49   -8   24   45    
123     226  0    33   68   -7   14   36    
124     0    0    23   79   -4   9    32    
125     259  0    33   68   -7   14   36    
126     391  439  46   28   -3   32   58