calibri
98
64
0       0    0    0    0    -9   0    18    
10      0    0    0    0    -9   0    18    
32      0    0    0    0    -9   0    32    
33      128  76   25   63   -1   3    39    
34      274  431  35   35   -5   2    44    
35      275  321  48   59   -8   6    50    
36      171  0    45   74   -7   -1   50    
37      0    139  59   62   -6   4    64    
38      194  76   56   63   -6   3    62    
39      480  321  24   35   -5   2    32    
40      24   0    30   74   -5   2    37    
41      54   0    31   74   -6   2    37    
42      233  431  41   42   -5   2    50    
43      143  431  46   47   -7   14   50    
44      309  431  29   35   -8   39   34    
45      0    480  33   23   -7   28   38    
46      459  431  25   26   -4   39   34    
47      85   0    43   74   -9   0    43    
48      0    201  47   61   -7   5    50    
49      142  321  41   59   -4   6    50    
50      130  201  44   60   -5   5    50    
51      303  139  44   61   -6   5    50    
52      183  321  47   59   -7   6    50    
53      174  201  45   60   -7   6    50    
54      347  139  46   61   -6   5    50    
55      230  321  45   59   -6   6    50    
56      393  139  46   61   -6   5    50    
57      439  139  46   61   -6   5    50    
58      484  262  26   49   -3   16   35    
59      408  321  30   57   -7   17   35    
60      311  380  45   50   -7   13   50    
61      338  431  44   35   -6   20   50    
62      356  380  45   50   -6   13   50    
63      153  76   41   63   -5   3    48    
64      378  0    65   68   -4   5    75    
65      219  201  53   59   -8   6    55    
66      272  201  46   59   -4   6    53    
67      59   139  48   61   -6   5    52    
68      318  201  50   59   -4   6    57    
69      368  201  41   59   -4   6    49    
70      409  201  40   59   -4   6    47    
71      107  139  52   61   -6   5    58    
72      449  201  48   59   -4   6    58    
73      0    262  24   59   -4   6    34    
74      47   201  34   60   -9   6    38    
75      24   262  44   59   -4   6    51    
76      68   262  40   59   -4   6    45    
77      108  262  63   59   -4   6    73    
78      171  262  50   59   -4   6    59    
79      159  139  55   61   -6   5    60    
80      221  262  44   59   -4   6    51    
81      443  0    61   66   -6   5    61    
82      265  262  46   59   -4   6    53    
83      214  139  44   61   -7   5    47    
84      311  262  48   59   -8   6    49    
85      81   201  49   60   -4   6    59    
86      359  262  53   59   -9   6    54    
87      412  262  72   59   -8   6    75    
88      0    321  49   59   -8   6    51    
89      49   321  47   59   -8   6    49    
90      96   321  46   59   -8   6    48    
91      216  0    30   73   -4   2    38    
92      128  0    43   74   -9   0    43    
93      246  0    30   73   -7   2    38    
94      189  431  44   42   -6   6    50    
95      33   480  50   23   -9   54   50    
96      429  431  30   29   -6   2    37    
97      438  321  42   51   -6   15   49    
98      0    76   45   63   -4   3    52    
99      0    380  41   51   -6   15   45    
100     45   76   45   63   -6   3    52    
101     41   380  45   51   -6   15   50    
102     90   76   38   63   -8   2    38    
103     250  76   46   62   -7   15   48    
104     296  76   43   62   -4   3    52    
105     485  139  25   60   -5   5    33    
106     346  0    32   72   -11  5    33    
107     339  76   41   62   -4   3    47    
108     380  76   24   62   -4   3    33    
109     172  380  61   50   -4   15   69    
110     401  380  43   49   -4   16   52    
111     86   380  47   51   -6   15   52    
112     404  76   45   62   -4   15   52    
113     449  76   45   62   -6   15   52    
114     233  380  35   50   -4   15   40    
115     133  380  39   51   -6   15   43    
116     371  321  37   58   -8   8    39    
117     268  380  43   50   -4   16   52    
118     444  380  46   49   -8   16   47    
119     0    431  61   49   -7   16   64    
120     61   431  44   49   -8   16   46    
121     258  139  45   61   -8   16   47    
122     105  431  38   49   -6   16   43    
123     276  0    35   73   -7   2    38    
124     0    0    24   76   3    1    47    
125     311  0    35   73   -6   2    38    
126     382  431  47   30   -7   11   50    
127     323  321  48   59   -8   6    50