peak
97
46
0       463  343  36   65   -6   0    41    
10      0    0    0    0    -9   0    18    
32      0    0    0    0    -9   0    73    
33      476  83   28   65   -8   0    36    
34      0    473  47   37   -8   -9   55    
35      277  408  65   65   -8   0    73    
36      323  0    64   83   -8   -9   73    
37      129  408  83   65   -9   0    92    
38      387  0    55   83   -8   -9   64    
39      84   473  28   37   -8   -9   36    
40      0    0    37   83   -8   -9   46    
41      37   0    37   83   -8   -9   46    
42      463  408  46   46   -8   -9   55    
43      212  408  65   65   -8   0    73    
44      112  473  37   37   -8   37   46    
45      223  473  46   29   -8   18   55    
46      269  473  28   28   -8   37   36    
47      0    408  64   65   -8   0    73    
48      260  343  64   65   -8   0    73    
49      455  148  37   65   -8   0    55    
50      195  278  65   65   -8   0    73    
51      260  278  65   65   -8   0    73    
52      325  278  65   65   -8   0    73    
53      390  278  65   65   -8   0    73    
54      0    343  65   65   -8   0    73    
55      65   343  65   65   -8   0    73    
56      130  343  65   65   -8   0    73    
57      195  343  65   65   -8   0    73    
58      342  408  28   56   -8   9    36    
59      455  213  37   65   -8   9    46    
60      455  278  46   65   -7   0    55    
61      417  408  46   47   -8   9    55    
62      389  343  46   65   -8   0    55    
63      324  343  65   65   -8   0    73    
64      240  0    83   83   -8   -9   92    
65      442  0    65   65   -8   0    73    
66      0    83   65   65   -8   0    73    
67      65   83   58   65   -8   0    73    
68      123  83   65   65   -8   0    73    
69      188  83   65   65   -8   0    73    
70      253  83   65   65   -8   0    73    
71      318  83   65   65   -8   0    73    
72      383  83   65   65   -8   0    73    
73      448  83   28   65   -8   0    46    
74      0    148  65   65   -8   0    73    
75      65   148  65   65   -8   0    73    
76      130  148  65   65   -8   0    73    
77      195  148  65   65   -8   0    73    
78      260  148  65   65   -8   0    73    
79      325  148  65   65   -8   0    73    
80      390  148  65   65   -8   0    73    
81      0    213  65   65   -8   0    73    
82      65   213  65   65   -8   0    73    
83      130  213  65   65   -8   0    73    
84      195  213  65   65   -8   0    73    
85      260  213  65   65   -8   0    73    
86      325  213  65   65   -8   0    73    
87      390  213  65   65   -8   0    73    
88      0    278  65   65   -8   0    73    
89      65   278  65   65   -8   0    73    
90      130  278  65   65   -8   0    73    
91      74   0    37   83   -8   -9   46    
92      64   408  65   65   -8   0    73    
93      111  0    37   83   -8   -9   46    
94      370  408  47   47   -8   0    55    
95      297  473  65   28   -8   37   73    
96      47   473  37   37   -8   -9   46    
97      442  0    65   65   -8   0    73    
98      0    83   65   65   -8   0    73    
99      65   83   58   65   -8   0    73    
100     123  83   65   65   -8   0    73    
101     188  83   65   65   -8   0    73    
102     253  83   65   65   -8   0    73    
103     318  83   65   65   -8   0    73    
104     383  83   65   65   -8   0    73    
105     448  83   28   65   -8   0    46    
106     0    148  65   65   -8   0    73    
107     65   148  65   65   -8   0    73    
108     130  148  65   65   -8   0    73    
109     195  148  65   65   -8   0    73    
110     260  148  65   65   -8   0    73    
111     325  148  65   65   -8   0    73    
112     390  148  65   65   -8   0    73    
113     0    213  65   65   -8   0    73    
114     65   213  65   65   -8   0    73    
115     130  213  65   65   -8   0    73    
116     195  213  65   65   -8   0    73    
117     260  213  65   65   -8   0    73    
118     325  213  65   65   -8   0    73    
119     390  213  65   65   -8   0    73    
120     0    278  65   65   -8   0    73    
121     65   278  65   65   -8   0    73    
122     130  278  65   65   -8   0    73    
123     148  0    46   83   -8   -9   55    
124     435  343  28   65   -8   0    36    
125     194  0    46   83   -8   -9   55    
126     149  473  74   37   -8   0    82