playball
98
49
0       0    0    0    0    -9   0    18   
10      0    0    0    0    -9   0    18   
32      0    0    0    0    -9   0    33   
33      99   340  38   52   -7   5    35   
34      366  440  34   29   -7   3    36   
35      0    392  53   48   -7   8    56   
36      370  68   39   56   -7   3    40   
37      233  233  44   54   -5   3    51   
38      277  233  55   54   -9   4    57   
39      400  440  32   29   -5   5    25   
40      98   68   46   56   -7   3    48   
41      144  68   46   56   -9   3    46   
42      96   392  49   46   -9   4    50   
43      417  340  51   48   -7   7    53   
44      432  440  27   29   -5   34   31   
45      41   479  35   23   -2   23   42   
46      487  440  24   24   -4   33   31   
47      218  68   60   56   -6   3    40   
48      185  233  48   54   -8   3    48   
49      362  287  39   53   -8   3    35   
50      463  68   48   55   -8   2    46   
51      238  124  48   55   -9   2    47   
52      401  287  52   53   -9   3    52   
53      0    233  48   54   -9   3    47   
54      48   233  46   54   -8   3    47   
55      94   233  43   54   -7   3    44   
56      286  124  48   55   -9   2    47   
57      137  233  48   54   -9   3    48   
58      474  392  32   39   -4   18   32   
59      477  179  32   44   -5   19   35   
60      468  340  40   46   -8   9    41   
61      290  440  40   31   -5   17   44   
62      53   392  43   46   -6   9    41   
63      453  287  42   53   -5   4    45   
64      278  68   57   56   -5   4    63   
65      334  124  60   54   -9   3    55   
66      394  124  54   54   -11  3    46   
67      409  68   54   55   -7   3    51   
68      448  124  55   54   -10  3    53   
69      332  233  48   53   -10  3    46   
70      380  233  60   53   -9   3    37   
71      0    124  57   55   -7   3    54   
72      0    179  67   54   -7   3    51   
73      440  233  48   53   -8   3    32   
74      141  0    65   62   -14  3    37   
75      67   179  71   54   -8   3    49   
76      0    287  47   53   -10  3    46   
77      138  179  77   54   -8   3    59   
78      47   287  70   53   -8   3    49   
79      57   124  59   55   -6   3    55   
80      117  287  59   53   -9   3    42   
81      81   0    60   67   -5   3    55   
82      215  179  51   54   -9   3    48   
83      116  124  49   55   -7   2    44   
84      165  124  73   55   -9   3    38   
85      266  179  69   54   -8   3    53   
86      176  287  60   53   -8   3    40   
87      335  179  78   54   -9   3    67   
88      236  287  68   53   -9   3    45   
89      304  287  58   53   -9   3    52   
90      413  179  64   54   -9   3    51   
91      318  0    47   57   -9   3    40   
92      335  68   35   56   -5   3    40   
93      365  0    47   57   -9   3    40   
94      330  440  36   30   -1   4    44   
95      76   479  61   23   -12  42   55   
96      459  440  28   24   7    6    44   
97      229  392  49   39   -8   18   41   
98      0    340  46   52   -8   5    40   
99      278  392  42   39   -8   18   36   
100     46   340  53   52   -8   5    41   
101     320  392  42   39   -8   18   36   
102     0    0    81   68   -18  1    35   
103     194  340  50   50   -11  18   39   
104     457  0    49   56   -10  1    39   
105     291  340  39   49   -8   8    29   
106     206  0    69   60   -24  8    29   
107     0    68   50   56   -11  1    38   
108     50   68   48   56   -8   1    30   
109     362  392  61   39   -11  18   51   
110     423  392  51   39   -11  18   39   
111     0    440  46   39   -8   18   40   
112     137  340  57   51   -15  18   37   
113     244  340  47   50   -8   18   41   
114     145  392  41   41   -7   16   34   
115     186  392  43   40   -8   17   37   
116     330  340  38   48   -8   9    30   
117     46   440  48   39   -8   18   40   
118     94   440  44   39   -8   18   38   
119     138  440  57   39   -8   18   51   
120     195  440  50   39   -10  18   40   
121     368  340  49   48   -12  18   39   
122     245  440  45   39   -8   18   39   
123     412  0    45   57   -9   3    40   
124     190  68   28   56   -1   3    40   
125     275  0    43   58   -9   3    46   
126     0    479  41   24   2    3    43   
127     0    0    0    0    -9   0    18