arial
97
57
0    440  315  48   55   -2   7    61
10   0    0    0    0    -9   0    18
32   0    0    0    0    -9   0    34
33   138  255  24   60   -3   2    35
34   391  424  34   34   -7   2    38
35   340  255  49   60   -8   2    50
36   324  0    46   66   -7   1    50
37   277  255  63   60   -6   2    69
38   364  315  52   59   -6   3    56
39   425  424  24   34   -6   2    29
40   127  0    32   71   -5   2    37
41   159  0    33   71   -8   2    37
42   355  424  36   36   -7   2    40
43   130  424  46   46   -6   9    51
44   449  424  24   33   -4   38   34
45   71   473  35   24   -8   26   37
46   47   473  24   24   -4   38   34
47   207  255  35   60   -9   2    34
48   319  315  45   59   -6   3    50
49   422  255  34   59   -3   3    50
50   456  255  46   59   -7   3    50
51   0    315  45   59   -6   3    50
52   45   315  47   59   -8   3    50
53   92   315  45   59   -6   3    50
54   137  315  46   59   -7   3    50
55   183  315  46   59   -7   3    50
56   229  315  45   59   -6   3    50
57   274  315  45   59   -6   3    50
58   106  424  24   49   -4   13   34
59   416  315  24   58   -4   13   34
60   176  424  46   45   -6   10   51
61   309  424  46   36   -6   14   51
62   222  424  46   45   -6   10   51
63   162  255  45   60   -6   2    50
64   23   0    71   72   -6   2    76
65   390  73   57   60   -10  2    56
66   447  73   49   60   -4   2    56
67   426  0    53   62   -6   1    59
68   0    135  52   60   -4   2    59
69   52   135  49   60   -4   2    56
70   101  135  46   60   -4   2    53
71   0    73   56   62   -6   1    62
72   147  135  50   60   -4   2    59
73   479  0    24   60   -4   2    33
74   164  73   41   61   -7   2    47
75   197  135  52   60   -4   2    56
76   249  135  44   60   -4   2    50
77   293  135  58   60   -5   2    65
78   351  135  50   60   -4   2    59
79   56   73   57   62   -6   1    62
80   401  135  49   60   -4   2    56
81   370  0    56   65   -6   1    62
82   450  135  52   60   -4   2    59
83   113  73   51   62   -6   1    56
84   0    195  50   60   -7   2    53
85   205  73   50   61   -4   2    59
86   50   195  57   60   -9   2    56
87   107  195  73   60   -8   2    74
88   180  195  55   60   -9   2    55
89   235  195  55   60   -9   2    55
90   290  195  51   60   -8   2    53
91   192  0    30   71   -5   2    34
92   242  255  35   60   -9   2    34
93   222  0    30   71   -8   2    34
94   268  424  41   41   -8   1    42
95   106  473  52   24   -10  49   50
96   473  424  28   27   -7   2    37
97   0    374  46   50   -7   12   50
98   341  195  45   60   -5   2    50
99   46   374  45   50   -7   12   47
100  386  195  45   60   -7   2    50
101  91   374  47   50   -7   12   50
102  431  195  36   60   -8   2    34
103  255  73   45   61   -7   12   50
104  467  195  43   60   -5   2    50
105  0    255  24   60   -5   2    31
106  94   0    33   71   -12  2    31
107  24   255  43   60   -5   2    48
108  67   255  24   60   -5   2    31
109  138  374  60   50   -5   12   67
110  198  374  43   50   -5   12   50
111  241  374  47   50   -7   12   50
112  300  73   45   61   -5   12   50
113  345  73   45   61   -7   12   50
114  332  374  34   49   -5   13   37
115  288  374  44   50   -7   12   47
116  389  255  33   59   -8   3    34
117  366  374  43   49   -5   13   50
118  409  374  45   49   -8   13   47
119  0    424  61   49   -10  13   59
120  454  374  46   49   -9   13   46
121  91   255  47   60   -9   13   45
122  61   424  45   49   -8   13   46
123  252  0    36   71   -8   2    37
124  0    0    23   73   -4   2    32
125  288  0    36   71   -8   2    37
126  0    473  47   29   -7   18   51