calibri
816
34
0       0    0    0    0    -4   0   8  
13      0    0    0    0    -4   0   8  
32      0    0    0    0    -9   0   25
33      644  188  12   32   0    2   19 
34      887  553  18   18   -2   2   22 
35      569  318  25   30   -4   4   25 
36      291  0    23   38   -3   0   25 
37      656  188  31   32   -3   3   32 
38      687  188  29   32   -3   2   31 
39      905  553  12   18   -2   2   16 
40      155  0    15   39   -2   1   18 
41      170  0    16   39   -3   1   18 
42      753  553  21   22   -2   1   25 
43      232  499  23   25   -3   8   25 
44      917  553  15   18   -4   21  16 
45      529  578  16   11   -3   16  18 
46      411  578  12   13   -1   21  17 
47      314  0    21   38   -4   1   21 
48      594  318  24   30   -3   4   25 
49      618  318  20   30   -1   4   25 
50      638  318  21   30   -2   4   25 
51      659  318  22   30   -2   4   25 
52      681  318  24   30   -3   4   25 
53      705  318  22   30   -3   4   25 
54      727  318  22   30   -2   4   25 
55      749  318  22   30   -2   4   25 
56      771  318  23   30   -3   4   25 
57      794  318  23   30   -3   4   25 
58      1010 528  12   24   -1   10  17 
59      1007 439  15   28   -4   11  17 
60      151  499  23   26   -3   7   25 
61      120  578  22   17   -2   11  25 
62      174  499  23   26   -3   7   25 
63      716  188  22   32   -3   2   24 
64      306  152  34   35   -1   3   38 
65      817  318  28   30   -4   4   28 
66      845  318  23   30   -1   4   27 
67      868  318  23   30   -2   4   26 
68      891  318  26   30   -1   4   29 
69      917  318  20   30   -1   4   25 
70      937  318  19   30   -1   4   24 
71      956  318  26   30   -2   4   29 
72      982  318  24   30   -1   4   29 
73      1006 318  12   30   -1   4   17 
74      0    349  17   30   -4   4   19 
75      17   349  23   30   -1   4   26 
76      40   349  19   30   -1   4   22 
77      59   349  32   30   -1   4   37 
78      91   349  25   30   -1   4   30 
79      116  349  28   30   -2   4   31 
80      144  349  22   30   -1   4   26 
81      318  188  31   33   -2   4   31 
82      166  349  23   30   -1   4   26 
83      189  349  21   30   -3   4   24 
84      210  349  25   30   -4   4   25 
85      235  349  25   30   -1   4   30 
86      260  349  27   30   -4   4   27 
87      287  349  37   30   -3   4   38 
88      324  349  25   30   -4   4   26 
89      349  349  25   30   -4   4   25 
90      374  349  24   30   -4   4   24 
91      909  0    14   37   -1   2   18 
92      335  0    22   38   -4   1   21 
93      923  0    15   37   -3   2   18 
94      822  553  23   21   -3   4   25 
95      545  578  25   11   -4   29  25 
96      294  578  15   14   -3   2   18 
97      255  499  21   25   -2   9   24 
98      738  188  23   32   -1   2   26 
99      276  499  21   25   -2   9   22 
100     761  188  23   32   -2   2   26 
101     297  499  23   25   -2   9   25 
102     784  188  20   32   -4   2   18 
103     517  255  22   31   -3   9   24 
104     804  188  21   32   -1   2   26 
105     539  255  12   31   -1   3   16 
106     938  0    16   37   -5   3   16 
107     825  188  20   32   -1   2   23 
108     845  188  12   32   -1   2   16 
109     320  499  31   25   -1   9   35 
110     351  499  21   25   -1   9   26 
111     372  499  23   25   -2   9   26 
112     551  255  23   31   -1   9   26 
113     574  255  23   31   -2   9   26 
114     395  499  18   25   -1   9   20 
115     413  499  19   25   -3   9   21 
116     801  469  19   29   -4   5   19 
117     432  499  22   25   -2   9   26 
118     454  499  24   25   -4   9   23 
119     478  499  32   25   -4   9   32 
120     510  499  22   25   -4   9   23 
121     597  255  23   31   -4   9   23 
122     532  499  19   25   -3   9   21 
123     954  0    17   37   -3   2   19 
124     186  0    12   39   2    1   24 
125     971  0    18   37   -3   2   19 
126     172  578  24   15   -3   6   25 
160     0    0    0    0    -4   0   16 
161     857  188  12   32   -1   5   19 
162     820  469  21   29   -1   5   25 
163     841  469  23   29   -3   5   25 
164     106  499  23   27   -3   7   25 
165     398  349  25   30   -4   4   25 
166     198  0    11   39   3    1   25 
167     340  152  21   35   -2   2   25 
168     483  578  18   12   -2   3   21 
169     869  188  32   32   -2   2   36 
170     551  499  19   25   -3   4   22 
171     677  553  22   23   -3   9   25 
172     196  578  23   15   -3   15  25 
174     845  553  22   21   -2   3   25 
175     570  578  17   11   -2   3   21 
176     142  578  17   17   -2   2   20 
177     129  499  22   27   -3   7   25 
178     774  553  17   22   -3   0   19 
179     791  553  17   22   -3   0   19 
180     309  578  15   14   -3   2   18 
181     620  255  24   31   -1   9   27 
182     209  188  24   34   -2   4   28 
183     423  578  13   13   -1   13  17 
184     219  578  14   15   -2   25  18 
185     808  553  14   22   -3   0   16 
186     570  499  20   25   -3   4   22 
187     699  553  22   23   -2   9   25 
188     901  188  27   32   -3   3   30 
189     928  188  28   32   -3   3   31 
190     956  188  28   32   -3   3   31 
191     984  188  22   32   -2   5   24 
192     989  0    28   37   -4   -3  28 
193     0    42   28   37   -4   -3  28 
194     28   42   28   37   -4   -3  28 
195     626  79   28   36   -4   -2  28 
196     361  152  28   35   -4   -1  28 
197     357  0    28   38   -4   -4  28 
198     423  349  33   30   -5   4   34 
199     654  79   24   36   -2   4   26 
200     56   42   21   37   -2   -3  25 
201     77   42   20   37   -1   -3  25 
202     97   42   20   37   -1   -3  25 
203     389  152  20   35   -1   -1  25 
204     117  42   17   37   -6   -3  17 
205     134  42   16   37   -2   -3  17 
206     150  42   20   37   -5   -3  17 
207     409  152  19   35   -5   -1  17 
208     456  349  28   30   -4   4   29 
209     678  79   25   36   -1   -2  30 
210     170  42   28   37   -2   -3  31 
211     198  42   28   37   -2   -3  31 
212     226  42   28   37   -2   -3  31 
213     703  79   28   36   -2   -2  31 
214     428  152  28   35   -2   -1  31 
215     466  553  23   24   -2   8   25 
216     254  42   28   37   -3   1   31 
217     282  42   25   37   -1   -3  30 
218     307  42   25   37   -1   -3  30 
219     332  42   25   37   -1   -3  30 
220     456  152  25   35   -1   -1  30 
221     357  42   25   37   -4   -3  25 
222     484  349  21   30   -1   4   26 
223     0    223  22   32   -1   2   26 
224     22   223  21   32   -2   2   24 
225     43   223  21   32   -2   2   24 
226     64   223  21   32   -2   2   24 
227     644  255  21   31   -2   3   24 
228     665  255  21   31   -2   3   24 
229     85   223  21   32   -2   2   24 
230     590  499  32   25   -2   9   34 
231     686  255  21   31   -2   9   22 
232     106  223  23   32   -2   2   25 
233     129  223  23   32   -2   2   25 
234     152  223  23   32   -2   2   25 
235     707  255  23   31   -2   3   25 
236     1006 188  16   32   -5   2   16 
237     175  223  15   32   -3   2   16 
238     190  223  17   32   -5   2   16 
239     730  255  17   31   -4   3   16 
240     207  223  23   32   -2   2   26 
241     747  255  21   31   -1   3   26 
242     230  223  23   32   -2   2   26 
243     253  223  23   32   -2   2   26 
244     276  223  23   32   -2   2   26 
245     768  255  23   31   -2   3   26 
246     791  255  23   31   -2   3   26 
247     489  553  23   24   -3   9   25 
248     864  469  24   29   -2   7   26 
249     299  223  22   32   -2   2   26 
250     321  223  22   32   -2   2   26 
251     343  223  22   32   -2   2   26 
252     814  255  22   31   -2   3   26 
253     385  0    23   38   -4   2   23 
254     408  0    23   38   -1   2   26 
255     382  42   23   37   -4   3   23 
256     481  152  28   35   -4   -1  28 
257     836  255  21   31   -2   3   24 
258     405  42   28   37   -4   -3  28 
259     857  255  21   31   -2   3   24 
260     731  79   28   36   -4   4   28 
261     878  255  22   31   -2   9   24 
262     433  42   23   37   -2   -3  26 
263     365  223  21   32   -2   2   22 
264     456  42   23   37   -2   -3  26 
265     386  223  21   32   -2   2   22 
266     509  152  23   35   -2   -1  26 
267     900  255  21   31   -2   3   22 
268     479  42   23   37   -2   -3  26 
269     407  223  21   32   -2   2   22 
270     502  42   26   37   -1   -3  29 
271     428  223  31   32   -2   2   27 
272     505  349  28   30   -4   4   29 
273     459  223  25   32   -2   2   27 
274     532  152  20   35   -1   -1  25 
275     921  255  23   31   -2   3   25 
276     528  42   20   37   -1   -3  25 
277     944  255  23   31   -2   3   25 
278     552  152  20   35   -1   -1  25 
279     967  255  23   31   -2   3   25 
280     759  79   22   36   -1   4   25 
281     533  349  23   30   -2   10  25 
282     548  42   20   37   -1   -3  25 
283     484  223  23   32   -2   2   25 
284     568  42   26   37   -2   -3  29 
285     431  0    22   38   -3   2   24 
286     594  42   26   37   -2   -3  29 
287     620  42   22   37   -3   3   24 
288     572  152  26   35   -2   -1  29 
289     642  42   22   37   -3   3   24 
290     781  79   26   36   -2   4   29 
291     664  42   22   37   -3   3   24 
292     686  42   24   37   -1   -3  29 
293     710  42   28   37   -6   -3  26 
294     556  349  29   30   -4   4   30 
295     507  223  25   32   -4   2   26 
296     807  79   21   36   -5   -2  17 
297     990  255  22   31   -6   3   16 
298     1005 79   18   35   -5   -1  17 
299     0    287  17   31   -5   3   16 
300     738  42   18   37   -4   -3  17 
301     17   287  18   31   -5   3   16 
302     828  79   15   36   -3   4   17 
303     756  42   15   37   -3   3   16 
304     598  152  12   35   -1   -1  17 
305     1011 469  12   25   -1   9   16 
306     585  349  23   30   -1   4   27 
307     771  42   20   37   -1   3   24 
308     791  42   21   37   -4   -3  19 
309     453  0    17   38   -5   2   16 
310     843  79   23   36   -1   4   26 
311     470  0    20   38   -1   2   23 
312     622  499  21   25   -1   9   23 
313     812  42   19   37   -1   -3  22 
314     490  0    17   38   -2   -4  16 
315     866  79   19   36   -1   4   22 
316     507  0    15   38   -4   2   16 
317     35   287  19   31   -1   3   22 
318     532  223  18   32   -1   2   17 
319     608  349  23   30   -1   4   27 
320     550  223  19   32   -1   2   21 
321     631  349  22   30   -4   4   23 
322     569  223  16   32   -3   2   16 
323     831  42   25   37   -1   -3  30 
324     585  223  21   32   -1   2   26 
325     885  79   25   36   -1   4   30 
326     54   287  21   31   -1   9   26 
327     856  42   25   37   -1   -3  30 
328     606  223  21   32   -1   2   26 
329     627  223  29   32   -6   2   28 
330     910  79   25   36   -1   4   29 
331     75   287  22   31   -1   9   26 
332     610  152  28   35   -2   -1  31 
333     97   287  23   31   -2   3   26 
334     881  42   28   37   -2   -3  31 
335     120  287  23   31   -2   3   26 
336     909  42   28   37   -2   -3  31 
337     656  223  23   32   -2   2   26 
338     653  349  34   30   -2   4   37 
339     643  499  35   25   -2   9   37 
340     937  42   23   37   -1   -3  26 
341     679  223  18   32   -1   2   20 
342     935  79   23   36   -1   4   26 
343     143  287  20   31   -3   9   20 
344     960  42   23   37   -1   -3  26 
345     697  223  19   32   -2   2   20 
346     983  42   21   37   -3   -3  24 
347     716  223  19   32   -3   2   21 
348     0    79   21   37   -3   -3  24 
349     735  223  19   32   -3   2   21 
350     958  79   22   36   -3   4   24 
351     163  287  19   31   -3   9   21 
352     21   79   21   37   -3   -3  24 
353     754  223  19   32   -3   2   21 
354     980  79   25   36   -4   4   25 
355     638  152  19   35   -4   5   19 
356     42   79   25   37   -4   -3  25 
357     349  188  22   33   -4   1   20 
358     687  349  25   30   -4   4   25 
359     888  469  19   29   -3   5   20 
360     0    116  25   36   -1   -2  30 
361     182  287  22   31   -2   3   26 
362     657  152  25   35   -1   -1  30 
363     204  287  22   31   -2   3   26 
364     67   79   25   37   -1   -3  30 
365     226  287  22   31   -2   3   26 
366     522  0    25   38   -1   -4  30 
367     773  223  22   32   -2   2   26 
368     92   79   25   37   -1   -3  30 
369     795  223  23   32   -2   2   26 
370     25   116  25   36   -1   4   30 
371     248  287  23   31   -2   9   26 
372     117  79   37   37   -3   -3  38 
373     818  223  32   32   -4   2   32 
374     154  79   25   37   -4   -3  25 
375     547  0    23   38   -4   2   23 
376     682  152  25   35   -4   -1  25 
377     179  79   24   37   -4   -3  24 
378     850  223  19   32   -3   2   21 
379     707  152  24   35   -4   -1  24 
380     271  287  19   31   -3   3   21 
381     203  79   24   37   -4   -3  24 
382     869  223  19   32   -3   2   21 
383     888  223  17   32   -1   2   16 
884     1010 553  13   17   -2   3   16 
885     159  578  13   17   -2   21  16 
890     324  578  12   14   -1   26  17 
891     512  553  20   24   -3   10  22 
892     678  499  21   25   -2   9   22 
893     532  553  20   24   -3   10  22 
894     47   499  15   28   -4   11  17 
900     233  578  14   15   -2   1   19 
901     247  578  22   15   -2   1   25 
902     371  188  28   33   -4   1   28 
903     436  578  13   13   -1   7   17 
904     712  349  20   30   -6   4   25 
905     732  349  24   30   -7   4   29 
906     756  349  12   30   -7   4   17 
908     768  349  28   30   -5   4   31 
910     796  349  25   30   -8   4   25 
911     821  349  28   30   -5   4   31 
912     399  188  24   33   -6   1   17 
913     849  349  28   30   -4   4   28 
914     877  349  23   30   -1   4   27 
915     900  349  19   30   -1   4   22 
916     919  349  26   30   -3   4   27 
918     945  349  24   30   -4   4   24 
920     969  349  28   30   -2   4   31 
922     997  349  23   30   -1   4   26 
923     0    379  27   30   -4   4   27 
924     27   379  32   30   -1   4   37 
925     59   379  25   30   -1   4   30 
926     84   379  22   30   -3   4   25 
928     106  379  24   30   -1   4   29 
929     130  379  22   30   -1   4   26 
931     152  379  21   30   -3   4   24 
932     173  379  25   30   -4   4   25 
934     233  188  32   34   -3   2   34 
935     198  379  25   30   -4   4   26 
936     223  379  30   30   -2   4   34 
938     731  152  19   35   -5   -1  17 
939     750  152  25   35   -4   -1  25 
940     423  188  26   33   -2   1   27 
941     449  188  21   33   -3   1   23 
942     209  0    22   39   -1   1   26 
943     470  188  16   33   -2   1   17 
944     486  188  22   33   -2   1   26 
945     699  499  26   25   -2   9   27 
946     227  79   23   37   -1   3   26 
947     290  287  23   31   -4   9   23 
948     905  223  23   32   -2   2   26 
949     725  499  21   25   -3   9   23 
950     50   116  20   36   -3   4   20 
951     313  287  22   31   -1   9   26 
952     335  287  24   31   -2   3   26 
953     746  499  16   25   -2   9   17 
954     762  499  21   25   -1   9   23 
955     928  223  25   32   -4   2   24 
956     359  287  24   31   -1   9   27 
957     783  499  23   25   -4   9   23 
958     570  0    20   38   -3   2   21 
959     806  499  23   25   -2   9   26 
960     829  499  26   25   -3   9   27 
961     383  287  23   31   -2   9   25 
962     253  379  20   30   -2   10  22 
963     855  499  24   25   -3   9   26 
964     879  499  21   25   -4   9   21 
965     900  499  22   25   -2   9   26 
966     590  0    28   38   -2   2   30 
967     406  287  23   31   -4   9   23 
968     618  0    28   38   -2   2   32 
969     922  499  30   25   -3   9   32 
970     429  287  18   31   -4   3   17 
971     447  287  22   31   -2   3   26 
972     508  188  23   33   -2   1   26 
973     531  188  22   33   -2   1   26 
974     553  188  30   33   -3   1   32 
976     469  287  24   31   -2   3   26 
977     953  223  28   32   -4   2   27 
978     907  469  25   29   -4   5   25 
980     775  152  25   35   -4   -1  25 
981     273  379  28   30   -3   10  30 
982     197  499  35   26   -4   8   36 
983     493  287  27   31   -2   9   29 
984     301  379  27   30   -2   4   31 
985     328  379  24   30   -2   10  26 
986     646  0    25   38   -2   2   26 
987     520  287  20   31   -2   9   22 
988     352  379  20   30   -1   4   24 
989     540  287  21   31   -2   9   23 
990     372  379  27   30   -3   4   27 
991     561  287  23   31   -4   9   23 
992     399  379  27   30   -4   4   28 
993     70   116  27   36   -4   4   28 
994     250  79   33   37   -1   4   38 
995     584  287  31   31   -2   9   35 
996     426  379  23   30   -2   4   27 
997     615  287  23   31   -2   9   26 
998     671  0    23   38   -1   2   27 
999     952  499  25   25   -4   9   25 
1000    449  379  24   30   -2   4   26 
1001    977  499  22   25   -3   9   22 
1002    473  379  27   30   -3   4   28 
1003    999  499  24   25   -3   9   25 
1004    500  379  28   30   -2   4   31 
1005    981  223  24   32   -2   2   26 
1006    528  379  24   30   -4   4   24 
1007    800  152  21   35   -4   5   21 
1008    0    528  27   25   -2   9   29 
1009    638  287  23   31   -2   9   25 
1010    27   528  21   25   -2   9   22 
1011    1004 42   16   37   -5   3   16 
1012    552  379  28   30   -2   4   31 
1013    48   528  21   25   -2   9   23 
1014    69   528  20   25   -3   9   23 
1015    580  379  21   30   -1   4   26 
1016    694  0    27   38   -4   2   27 
1017    601  379  23   30   -2   4   26 
1018    624  379  27   30   -1   4   32 
1019    661  287  24   31   -1   9   28 
1020    685  287  25   31   -4   9   25 
1021    651  379  25   30   -3   4   26 
1022    676  379  23   30   -2   4   26 
1023    699  379  25   30   -3   4   26 
1024    283  79   21   37   -2   -3  25 
1025    821  152  20   35   -1   -1  25 
1026    724  379  28   30   -4   4   29 
1027    304  79   20   37   -1   -3  23 
1028    752  379  24   30   -2   4   27 
1029    776  379  21   30   -3   4   24 
1030    797  379  12   30   -1   4   17 
1031    841  152  19   35   -5   -1  17 
1032    809  379  17   30   -4   4   19 
1033    826  379  38   30   -4   4   38 
1034    864  379  35   30   -1   4   38 
1035    899  379  28   30   -4   4   29 
1036    324  79   22   37   -1   -3  26 
1037    346  79   25   37   -1   -3  30 
1038    97   116  26   36   -4   -2  26 
1039    123  116  24   36   -1   4   29 
1040    927  379  28   30   -4   4   28 
1041    955  379  23   30   -1   4   26 
1042    978  379  23   30   -1   4   27 
1043    1001 379  20   30   -1   4   23 
1044    147  116  30   36   -4   4   30 
1045    0    409  20   30   -1   4   25 
1046    20   409  33   30   -3   4   35 
1047    53   409  22   30   -3   4   24 
1048    75   409  25   30   -1   4   30 
1049    177  116  25   36   -1   -2  30 
1050    100  409  22   30   -1   4   26 
1051    122  409  27   30   -4   4   29 
1052    149  409  32   30   -1   4   37 
1053    181  409  24   30   -1   4   29 
1054    205  409  28   30   -2   4   31 
1055    233  409  24   30   -1   4   29 
1056    257  409  22   30   -1   4   26 
1057    279  409  23   30   -2   4   26 
1058    302  409  25   30   -4   4   25 
1059    327  409  26   30   -4   4   26 
1060    710  287  30   31   -3   3   32 
1061    353  409  25   30   -4   4   26 
1062    202  116  27   36   -1   4   30 
1063    378  409  23   30   -2   4   27 
1064    401  409  33   30   -1   4   38 
1065    229  116  36   36   -1   4   38 
1066    434  409  29   30   -4   4   29 
1067    463  409  29   30   -1   4   34 
1068    492  409  23   30   -1   4   26 
1069    515  409  24   30   -2   4   27 
1070    539  409  33   30   -1   4   38 
1071    572  409  24   30   -3   4   27 
1072    89   528  21   25   -2   9   24 
1073    0    255  23   32   -2   2   26 
1074    110  528  21   25   -1   9   24 
1075    131  528  17   25   -1   9   20 
1076    596  409  27   30   -4   9   27 
1077    148  528  23   25   -2   9   25 
1078    171  528  29   25   -3   9   31 
1079    200  528  20   25   -3   9   22 
1080    220  528  22   25   -1   9   26 
1081    23   255  22   32   -1   2   26 
1082    242  528  20   25   -1   9   24 
1083    262  528  23   25   -4   9   25 
1084    285  528  29   25   -3   9   31 
1085    314  528  22   25   -1   9   26 
1086    336  528  23   25   -2   9   26 
1087    359  528  22   25   -1   9   26 
1088    740  287  23   31   -1   9   26 
1089    381  528  21   25   -2   9   22 
1090    402  528  21   25   -4   9   21 
1091    763  287  23   31   -4   9   23 
1092    721  0    28   38   -3   2   29 
1093    423  528  22   25   -4   9   23 
1094    623  409  24   30   -1   9   26 
1095    445  528  21   25   -3   9   24 
1096    466  528  28   25   -1   9   33 
1097    647  409  31   30   -1   9   33 
1098    494  528  26   25   -4   9   26 
1099    520  528  27   25   -1   9   31 
1100    547  528  21   25   -1   9   24 
1101    568  528  20   25   -3   9   23 
1102    588  528  30   25   -1   9   33 
1103    618  528  22   25   -3   9   24 
1104    45   255  23   32   -2   2   25 
1105    786  287  23   31   -2   3   25 
1106    749  0    25   38   -4   2   26 
1107    1005 223  17   32   -1   2   20 
1108    552  553  21   24   -2   10  23 
1109    640  528  19   25   -3   9   21 
1110    809  287  12   31   -1   3   16 
1111    821  287  17   31   -4   3   16 
1112    371  79   16   37   -5   3   16 
1113    659  528  33   25   -4   9   34 
1114    692  528  31   25   -1   9   34 
1115    68   255  25   32   -4   2   26 
1116    93   255  20   32   -1   2   24 
1117    113  255  22   32   -1   2   26 
1118    774  0    23   38   -4   2   23 
1119    678  409  22   30   -1   9   26 
1120    700  409  37   30   -2   4   40 
1121    723  528  31   25   -4   9   31 
1122    135  255  27   32   -4   2   29 
1123    932  469  24   29   -4   5   26 
1124    737  409  32   30   -2   4   35 
1125    754  528  27   25   -1   9   30 
1126    769  409  29   30   -4   4   29 
1127    781  528  26   25   -3   9   26 
1128    798  409  33   30   -1   4   36 
1129    807  528  30   25   -1   9   32 
1130    831  409  29   30   -2   4   33 
1131    837  528  27   25   -4   9   27 
1132    860  409  34   30   -1   4   39 
1133    864  528  31   25   -1   9   34 
1134    28   0    24   41   -3   0   24 
1135    860  152  21   35   -4   5   22 
1136    894  409  30   30   -2   4   34 
1137    797  0    28   38   -2   2   32 
1138    924  409  28   30   -2   4   31 
1139    573  553  24   24   -2   10  26 
1140    952  409  28   30   -4   4   28 
1141    895  528  24   25   -4   9   24 
1142    387  79   28   37   -4   -3  28 
1143    162  255  24   32   -4   2   24 
1144    265  116  41   36   -2   4   44 
1145    838  287  37   31   -2   9   39 
1146    583  188  30   33   -3   3   31 
1147    62   499  26   28   -2   8   28 
1148    93   0    37   40   -2   -6  40 
1149    265  188  33   34   -3   0   35 
1150    306  116  37   36   -2   -2  40 
1151    875  287  31   31   -4   3   31 
1152    343  116  25   36   -2   4   26 
1153    906  287  21   31   -2   9   22 
1154    956  469  27   29   -3   5   29 
1155    336  578  34   14   -17  3   8  
1156    449  578  34   13   -17  -3  8  
1157    370  578  20   14   -13  -10 8  
1158    390  578  21   14   -14  -17 8  
1159    980  409  25   30   -3   4   25 
1160    231  0    42   39   -4   1   42 
1161    52   0    41   41   -4   0   40 
1162    0    0    28   42   -1   -2  31 
1163    415  79   24   37   -1   2   27 
1164    0    439  26   30   -4   4   26 
1165    186  255  23   32   -3   2   24 
1166    26   439  22   30   -1   4   26 
1167    927  287  23   31   -1   9   26 
1168    298  188  20   34   -1   0   23 
1169    88   499  18   28   -1   6   20 
1170    48   439  22   30   -4   4   22 
1171    919  528  20   25   -4   9   21 
1172    368  116  23   36   -1   4   26 
1173    950  287  21   31   -1   9   23 
1174    391  116  36   36   -3   4   36 
1175    70   439  32   30   -3   9   32 
1176    427  116  22   36   -3   4   24 
1177    971  287  20   31   -3   9   22 
1178    449  116  26   36   -1   4   28 
1179    102  439  22   30   -1   9   25 
1180    124  439  22   30   -1   4   26 
1181    939  528  20   25   -1   9   24 
1182    146  439  25   30   -4   4   27 
1183    209  255  23   32   -4   2   25 
1184    171  439  28   30   -4   4   29 
1185    959  528  25   25   -4   9   26 
1186    475  116  27   36   -1   4   30 
1187    199  439  25   30   -1   9   27 
1188    224  439  29   30   -1   4   32 
1189    984  528  26   25   -1   9   29 
1190    502  116  35   36   -1   4   39 
1191    991  287  31   31   -1   9   33 
1192    253  439  28   30   -2   4   30 
1193    0    553  26   25   -3   9   27 
1194    537  116  23   36   -2   4   26 
1195    0    318  21   31   -2   9   22 
1196    560  116  25   36   -4   4   25 
1197    281  439  21   30   -4   9   21 
1198    302  439  25   30   -4   4   25 
1199    21   318  23   31   -4   9   23 
1200    327  439  25   30   -4   4   25 
1201    44   318  23   31   -4   9   23 
1202    585  116  26   36   -3   4   27 
1203    352  439  24   30   -4   9   24 
1204    611  116  33   36   -4   4   33 
1205    376  439  29   30   -4   9   28 
1206    644  116  26   36   -2   4   28 
1207    405  439  24   30   -3   9   25 
1208    429  439  23   30   -2   4   27 
1209    26   553  21   25   -3   9   24 
1210    452  439  23   30   -1   4   27 
1211    47   553  21   25   -1   9   24 
1212    475  439  32   30   -4   4   33 
1213    597  553  28   24   -4   10  28 
1214    670  116  32   36   -4   4   33 
1215    983  469  28   29   -4   10  28 
1216    1005 409  12   30   -1   4   17 
1217    702  116  33   36   -3   -2  35 
1218    232  255  29   32   -3   2   31 
1219    735  116  24   36   -1   4   27 
1220    67   318  22   31   -1   9   24 
1221    759  116  30   36   -4   4   29 
1222    507  439  25   30   -4   9   26 
1223    789  116  24   36   -1   4   29 
1224    89   318  22   31   -1   9   26 
1225    813  116  27   36   -1   4   29 
1226    532  439  24   30   -1   9   26 
1227    840  116  23   36   -2   4   27 
1228    556  439  21   30   -3   9   24 
1229    863  116  35   36   -1   4   38 
1230    577  439  32   30   -3   9   32 
1231    609  439  12   30   -1   4   17 
1232    898  116  28   36   -4   -2  28 
1233    261  255  21   32   -2   2   24 
1234    881  152  28   35   -4   -1  28 
1235    111  318  21   31   -2   3   24 
1236    621  439  33   30   -5   4   34 
1237    68   553  32   25   -2   9   34 
1238    926  116  20   36   -1   -2  25 
1239    282  255  23   32   -2   2   25 
1240    654  439  28   30   -2   4   30 
1241    100  553  23   25   -2   9   25 
1242    909  152  28   35   -2   -1  30 
1243    132  318  23   31   -2   3   25 
1244    937  152  33   35   -3   -1  35 
1245    155  318  29   31   -3   3   31 
1246    970  152  22   35   -3   -1  24 
1247    184  318  20   31   -3   3   22 
1248    682  439  21   30   -3   4   24 
1249    204  318  22   31   -3   9   24 
1250    992  152  25   35   -1   -1  30 
1251    226  318  22   31   -1   3   26 
1252    0    188  25   35   -1   -1  30 
1253    248  318  22   31   -1   3   26 
1254    25   188  28   35   -2   -1  31 
1255    270  318  23   31   -2   3   26 
1256    703  439  28   30   -2   4   31 
1257    625  553  24   24   -2   10  26 
1258    53   188  28   35   -2   -1  31 
1259    293  318  24   31   -2   3   26 
1260    81   188  24   35   -2   -1  27 
1261    317  318  20   31   -3   3   23 
1262    105  188  26   35   -4   -1  26 
1263    439  79   23   37   -4   3   23 
1264    131  188  26   35   -4   -1  26 
1265    462  79   23   37   -4   3   23 
1266    485  79   26   37   -4   -3  26 
1267    825  0    23   38   -4   2   23 
1268    157  188  23   35   -2   -1  27 
1269    337  318  21   31   -3   3   24 
1270    946  116  19   36   -1   4   22 
1271    731  439  17   30   -1   9   20 
1272    180  188  29   35   -1   -1  34 
1273    358  318  27   31   -1   3   31 
1274    965  116  22   36   -4   4   22 
1275    385  318  20   31   -4   9   21 
1276    987  116  27   36   -4   4   27 
1277    405  318  24   31   -4   9   24 
1278    748  439  25   30   -4   4   26 
1279    123  553  22   25   -4   9   23 
1280    773  439  23   30   -3   4   26 
1281    305  255  23   32   -2   2   26 
1282    796  439  32   30   -3   4   35 
1283    328  255  32   32   -2   2   35 
1284    828  439  31   30   -3   4   34 
1285    145  553  29   25   -3   9   32 
1286    0    152  24   36   -3   4   25 
1287    859  439  22   30   -3   9   24 
1288    881  439  36   30   -4   4   38 
1289    174  553  32   25   -4   9   34 
1290    917  439  34   30   -1   4   38 
1291    206  553  31   25   -1   9   35 
1292    951  439  28   30   -2   4   30 
1293    237  553  25   25   -3   9   26 
1294    979  439  28   30   -4   4   30 
1295    262  553  25   25   -4   9   27 
1296    0    469  22   30   -2   4   24 
1297    287  553  21   25   -2   9   22 
1298    24   152  30   36   -4   4   29 
1299    429  318  25   31   -4   9   26 
1300    22   469  35   30   -4   4   35 
1301    308  553  30   25   -4   9   31 
1302    57   469  29   30   -2   4   31 
1303    454  318  29   31   -2   9   31 
1304    86   469  33   30   -3   4   35 
1305    338  553  33   25   -4   9   34 
1306    613  188  31   33   -2   4   31 
1307    483  318  23   31   -2   9   26 
1308    119  469  37   30   -3   4   38 
1309    371  553  32   25   -4   9   32 
1310    156  469  23   30   -2   4   26 
1311    403  553  21   25   -2   9   23 
1312    54   152  38   36   -4   4   38 
1313    506  318  32   31   -4   9   33 
1314    92   152  36   36   -2   4   39 
1315    538  318  31   31   -2   9   34 
1316    128  152  28   36   -2   4   30 
1317    179  469  24   30   -2   9   26 
1318    156  152  26   36   -2   4   28 
1319    203  469  24   30   -2   9   26 
8192    0    0    0    0    -4   0   25 
8193    0    0    0    0    -4   0   42 
8194    0    0    0    0    -4   0   25 
8195    0    0    0    0    -4   0   42 
8196    0    0    0    0    -4   0   19 
8197    0    0    0    0    -4   0   17 
8198    0    0    0    0    -4   0   14 
8199    0    0    0    0    -4   0   26 
8200    0    0    0    0    -4   0   15 
8201    0    0    0    0    -4   0   15 
8202    0    0    0    0    -4   0   12 
8203    0    0    0    0    -4   0   8  
8210    587  578  24   11   -3   15  25 
8211    611  578  25   11   -4   15  25 
8212    636  578  34   11   -2   15  39 
8213    636  578  34   11   -2   15  39 
8214    273  0    18   39   -2   1   21 
8215    269  578  25   15   -4   27  25 
8216    932  553  14   18   -2   2   16 
8217    946  553  15   18   -4   2   16 
8218    961  553  15   18   -4   21  16 
8219    976  553  14   18   -2   2   16 
8220    990  553  20   18   -2   2   22 
8221    0    578  20   18   -4   2   22 
8222    20   578  20   18   -4   21  22 
8223    40   578  20   18   -2   2   22 
8224    0    499  23   29   -3   2   25 
8225    360  255  21   32   -2   2   25 
8226    867  553  20   20   -1   9   25 
8230    501  578  28   12   -2   22  31 
8239    0    0    0    0    -4   0   16 
8240    381  255  42   32   -3   3   43 
8242    60   578  14   18   -3   2   16 
8243    74   578  20   18   -3   2   22 
8244    94   578  26   18   -3   2   28 
8249    721  553  16   23   -3   9   20 
8250    737  553  16   23   -2   9   20 
8252    423  255  19   32   0    2   27 
8254    670  578  25   11   -5   0   25 
8260    442  255  32   32   -7   3   19 
8286    848  0    11   38   -1   2   17 
8352    227  469  27   30   -3   4   29 
8353    511  79   25   37   -2   1   26 
8354    254  469  25   30   -2   4   26 
8355    279  469  23   30   -4   4   24 
8356    302  469  24   30   -3   4   25 
8357    326  469  31   30   -1   7   35 
8358    357  469  28   30   -3   4   30 
8359    385  469  35   30   -1   4   39 
8360    420  469  31   30   -1   4   35 
8361    451  469  38   30   -4   4   38 
8363    182  152  26   36   -3   2   27 
8364    23   499  24   29   -3   5   25 
8365    489  469  25   30   -3   4   26 
8366    514  469  25   30   -4   4   25 
8367    536  79   44   37   -3   1   45 
8368    130  0    25   40   -4   0   26 
8369    539  469  26   30   -4   4   27 
8370    859  0    25   38   -2   0   28 
8371    565  469  27   30   -4   4   27 
8372    592  469  24   30   -4   4   24 
8373    884  0    25   38   -2   0   26 
8377    616  469  23   30   -3   4   25 
8378    639  469  25   30   -4   4   25 
11360   664  469  22   30   -4   4   22 
11361   474  255  16   32   -3   2   18 
11362   686  469  24   30   -4   4   24 
11363   710  469  25   30   -4   4   26 
11364   208  152  23   36   -1   4   26 
11365   735  469  24   30   -3   7   24 
11366   490  255  27   32   -6   5   19 
11367   231  152  27   36   -1   4   30 
11368   580  79   24   37   -1   2   27 
11369   258  152  24   36   -1   4   27 
11370   604  79   22   37   -1   2   24 
11371   282  152  24   36   -3   4   25 
11372   759  469  20   30   -3   9   22 
11380   424  553  24   25   -4   9   24 
11381   779  469  22   30   -1   4   24 
11382   448  553  18   25   -1   9   21 
11383   649  553  28   24   -3   10  30