harrington
95
75
32   0     0     0     0     0     71    25     
124   0     0     12     81     6     11    28     
102   12     0     29     77     -4     15    28     
93   41     0     21     73     -3     15    27     
91   62     0     20     73     5     15    27     
125   82     0     30     72     -2     15    30     
123   112     0     30     72     -1     15    30     
41   142     0     25     72     -4     15    27     
40   167     0     24     72     2     15    27     
106   191     0     20     72     -2     19    25     
89   211     0     48     72     -1     15    52     
80   259     0     53     72     -2     15    56     
65   312     0     58     71     -2     16    62     
64   370     0     71     70     2     15    78     
82   441     0     63     69     -2     15    57     
127   0     81     61     68     1     7    66     
92   61     81     49     68     -8     12    28     
47   110     81     50     68     -9     12    28     
75   160     81     58     68     0     15    50     
66   218     81     54     68     -2     15    58     
103   272     81     42     67     -1     24    46     
74   314     81     30     67     -7     16    27     
36   344     81     42     66     -3     16    43     
86   386     81     50     66     0     11    54     
67   436     81     57     65     0     11    51     
87   0     149     65     64     1     15    71     
81   65     149     51     64     0     15    56     
71   116     149     53     64     0     12    57     
104   169     149     41     63     -1     14    47     
84   210     149     53     63     -3     13    46     
70   263     149     53     63     0     13    50     
57   316     149     43     62     -2     20    46     
100   359     149     42     62     1     14    48     
88   401     149     48     62     -2     14    50     
38   449     149     53     61     0     15    54     
63   0     213     34     61     2     15    42     
33   34     213     16     61     1     15    22     
108   50     213     19     61     -1     14    27     
107   69     213     40     61     -1     15    42     
98   109     213     43     61     0     15    47     
90   152     213     49     61     -1     15    51     
83   201     213     47     61     -2     15    49     
79   248     213     52     61     0     15    56     
69   300     213     55     61     0     15    57     
68   355     213     55     61     -2     15    58     
113   410     213     43     60     0     31    47     
112   453     213     44     60     -1     31    48     
85   0     274     51     60     1     16    55     
78   51     274     50     60     0     16    56     
77   101     274     61     60     -1     16    64     
76   162     274     47     60     0     16    49     
73   209     274     20     60     0     16    26     
72   229     274     58     60     -3     16    60     
121   287     274     38     59     2     32    47     
37   325     274     62     58     0     20    66     
53   387     274     40     58     -3     18    42     
56   427     274     41     57     1     19    45     
35   0     334     53     56     -1     20    55     
48   53     334     42     56     1     20    47     
54   95     334     40     56     1     20    46     
50   135     334     37     56     -1     20    42     
116   172     334     22     56     -1     20    28     
105   194     334     17     56     1     19    27     
55   211     334     43     55     -1     21    38     
52   254     334     45     55     -1     21    48     
51   299     334     41     55     -2     21    44     
49   340     334     20     55     1     21    30     
120   360     334     38     54     -3     28    40     
101   398     334     39     52     1     31    43     
119   437     334     53     50     -2     26    55     
59   490     334     19     49     -1     34    23     
118   0     390     38     48     -1     28    42     
110   38     390     41     46     -1     31    47     
109   79     390     56     46     -1     31    62     
122   135     390     37     45     0     30    41     
115   172     390     37     45     0     31    42     
111   209     390     45     45     0     31    49     
99   254     390     40     45     0     31    43     
97   294     390     40     45     1     31    46     
117   334     390     39     44     2     32    48     
114   373     390     35     44     -2     31    36     
58   408     390     15     42     1     34    23     
62   423     390     25     32     0     34    29     
60   448     390     26     32     -1     34    29     
42   474     390     30     31     0     16    36     
43   0     438     31     31     0     33    35     
94   31     438     42     27     -1     29    43     
39   73     438     13     26     0     15    18     
34   86     438     25     26     0     15    30     
126   111     438     42     22     -2     31    43     
44   153     438     19     22     -1     61    23     
96   172     438     23     20     9     1    43     
61   195     438     31     18     0     39    35     
45   226     438     28     16     0     44    33     
46   254     438     15     15     1     61    23     
95   269     438     45     11     -3     75    43     